dados_baseline <- c(119.17, 100.00, 123.56, 109.89, 96.22, 133.33, 115.78, 126.39, 122.78, 117.44, 111.33, 117.33, 120.67, 131.67, 92.39, 134.44, 108.67, 127.52, 115.93, 107.52, 103.33, 122.74, 101.33, 109.10, 127.32)
dados_mes